      2
      0      0      0     88      0      0      5
      0     88      0      0      0      0      3
      1
      0     72      0      0      0      0      3
      1
      0    132      0      0      0      0      3
      1
      0     72      0      0      0      0      3
      2
    220    220      0     88      0      0      6
      0    220      0      0      0      0      3
      1
      0      0      0     72      0      0      5
      0
      1
      0    132     72     72      0      0      2
      0
      1
    220    220      0     72      0      0      6
      1
      0      0      0    132      0      0      5
      1
     72     72      0    132      0      0      2
      1
      0      0      0    132      0      0      2
      1
    220    220      0    132      0      0      6
      1
      0      0      0     72      0      0      5
      0
      1
      0    132      0      0      0      0      2
      0
      1
    220    220      0     72      0      0      6
      2
      0      0      0     88      0      0      5
      0     88     88     88      0      0      3
      1
      0     72     88     88      0      0      3
      1
      0    132     88     88      0      0      3
      1
      0     72     88     88      0      0      3
      2
    220    220      0     88      0      0      6
      0    220     88     88      0      0      3
