        4
        1	        2	        1	
iMin  iMax  jMin  jMax  kMin  kMax   id
     6542     6542        1      507        1        1        1
        1        1        1      507        1        1        2
        1        1        1      507        1        1        2
     6542     6542        1      507        1        1        1
     1696     1696        1      507        1        1        2
        1        1        1      507        1        1        3
        1        1        1      507        1        1        3
     1696     1696        1      507        1        1        2
